<?xml version="1.0"?>
<opencv_storage>
<nrOfFrames>3</nrOfFrames>
<image_Width>640</image_Width>
<image_Height>480</image_Height>
<board_Width>9</board_Width>
<board_Height>6</board_Height>
<square_Size>25.</square_Size>
<FixAspectRatio>1.</FixAspectRatio>
<!-- flags:  +fix_aspectRatio +fix_principal_point -->
<flagValue>6</flagValue>
<Camera_Matrix type_id="opencv-matrix">
  <rows>3</rows>
  <cols>3</cols>
  <dt>d</dt>
  <data>
    5.5079144249380829e+002 0. 3.1950000000000000e+002 0.
    5.5079144249380829e+002 2.3950000000000000e+002 0. 0. 1.</data></Camera_Matrix>
<Distortion_Coefficients type_id="opencv-matrix">
  <rows>5</rows>
  <cols>1</cols>
  <dt>d</dt>
  <data>
    6.7196057112042254e-002 1.8026834271534428e-001
    -2.2879936429129836e-003 -1.4396805683723389e-002
    -1.2890267265613065e+000</data></Distortion_Coefficients>
<Avg_Reprojection_Error>2.5392424635003880e-001</Avg_Reprojection_Error>
<Per_View_Reprojection_Errors type_id="opencv-matrix">
  <rows>3</rows>
  <cols>1</cols>
  <dt>f</dt>
  <data>
    2.33645201e-001 2.47512251e-001 2.78532177e-001</data></Per_View_Reprojection_Errors>
<!-- a set of 6-tuples (rotation vector + translation vector) for each view -->
<Extrinsic_Parameters type_id="opencv-matrix">
  <rows>3</rows>
  <cols>6</cols>
  <dt>d</dt>
  <data>
    -1.7028656403637374e-001 -2.5102415626299229e-001
    -3.7837405735501178e-001 -9.4930741262094799e+001
    -2.4868483434603775e+001 3.2211107965217997e+002
    2.2024970351710352e-001 -6.3800782723822169e-001
    -8.3427216480774946e-002 -6.8870230516703046e+001
    -5.0106707281104157e+001 2.4562785643663673e+002
    5.3962759766548285e-001 -1.4193888569632407e-001
    -2.1004469525223504e-001 -7.1490862172142712e+001
    -1.8594859711335260e+001 2.9279893280103119e+002</data></Extrinsic_Parameters>
<Image_points type_id="opencv-matrix">
  <rows>3</rows>
  <cols>54</cols>
  <dt>"2f"</dt>
  <data>
    1.53806335e+002 1.96582062e+002 1.96102249e+002 1.82975723e+002
    2.36362930e+002 1.70092957e+002 2.74775696e+002 1.57623428e+002
    3.11392731e+002 1.45922318e+002 3.46217407e+002 1.34742569e+002
    3.79747131e+002 1.23853508e+002 4.12278839e+002 1.12979210e+002
    4.43488342e+002 1.02609680e+002 1.69490250e+002 2.35924210e+002
    2.11870178e+002 2.21330597e+002 2.51995636e+002 2.07558914e+002
    2.90376160e+002 1.94368347e+002 3.26628662e+002 1.81766968e+002
    3.61399445e+002 1.69669144e+002 3.94844666e+002 1.58057098e+002
    4.27323944e+002 1.46483887e+002 4.58387054e+002 1.35500854e+002
    1.85418655e+002 2.76217499e+002 2.27737991e+002 2.60482758e+002
    2.67727722e+002 2.45612396e+002 3.05962921e+002 2.31492493e+002
    3.42301117e+002 2.17853928e+002 3.76854095e+002 2.04927872e+002
    4.10256134e+002 1.92524704e+002 4.42429077e+002 1.80427383e+002
    4.73423218e+002 1.68711227e+002 2.01654312e+002 3.17420715e+002
    2.43828705e+002 3.00472565e+002 2.83726593e+002 2.84470032e+002
    3.21823059e+002 2.69238434e+002 3.57853790e+002 2.54796402e+002
    3.92404297e+002 2.41021469e+002 4.25827942e+002 2.27653381e+002
    4.57821655e+002 2.14859528e+002 4.88749084e+002 2.02525635e+002
    2.17835648e+002 3.59198792e+002 2.59880981e+002 3.41014771e+002
    2.99639587e+002 3.23761536e+002 3.37716339e+002 3.07518402e+002
    3.73702972e+002 2.92199738e+002 4.08335938e+002 2.77395142e+002
    4.41580536e+002 2.63339050e+002 4.73487061e+002 2.49699875e+002
    5.04490021e+002 2.36552994e+002 2.34355560e+002 4.01566803e+002
    2.76234131e+002 3.82296783e+002 3.15899689e+002 3.63895752e+002
    3.53828186e+002 3.46519989e+002 3.89789612e+002 3.30158936e+002
    4.24293732e+002 3.14500671e+002 4.57498108e+002 2.99427063e+002
    4.89464722e+002 2.85046539e+002 5.20280334e+002 2.71192383e+002
    1.61408188e+002 1.25040993e+002 2.13867920e+002 1.24139854e+002
    2.60517426e+002 1.23374893e+002 3.02320557e+002 1.22649391e+002
    3.39492737e+002 1.21889404e+002 3.72915283e+002 1.21351364e+002
    4.03554565e+002 1.20411499e+002 4.32268280e+002 1.19763153e+002
    4.58270203e+002 1.18856895e+002 1.66408508e+002 1.81880722e+002
    2.17633743e+002 1.77731369e+002 2.62763123e+002 1.74241013e+002
    3.03394592e+002 1.70805405e+002 3.39643677e+002 1.67841476e+002
    3.72507477e+002 1.64899796e+002 4.02615265e+002 1.62341202e+002
    4.30717712e+002 1.59823547e+002 4.56273132e+002 1.57597748e+002
    1.70663406e+002 2.36155594e+002 2.20459625e+002 2.28940125e+002
    2.64562469e+002 2.22563416e+002 3.04340515e+002 2.16846634e+002
    3.40083130e+002 2.11643951e+002 3.72420746e+002 2.06937943e+002
    4.01740204e+002 2.02456375e+002 4.29272400e+002 1.98422882e+002
    4.54391785e+002 1.94724304e+002 1.74401108e+002 2.88151611e+002
    2.22922714e+002 2.78094238e+002 2.66223297e+002 2.69312897e+002
    3.05122559e+002 2.61236847e+002 3.39801178e+002 2.54061951e+002
    3.71541077e+002 2.47405472e+002 4.00772888e+002 2.41395691e+002
    4.27584167e+002 2.35753098e+002 4.52585571e+002 2.30705582e+002
    1.77903763e+002 3.37705597e+002 2.25121460e+002 3.25194641e+002
    2.67387634e+002 3.13858429e+002 3.05628021e+002 3.03781982e+002
    3.39738129e+002 2.94626923e+002 3.71251190e+002 2.86502686e+002
    3.99702972e+002 2.78797607e+002 4.26317810e+002 2.71854034e+002
    4.50893616e+002 2.65532196e+002 1.81166351e+002 3.85285095e+002
    2.27241592e+002 3.70373047e+002 2.68411652e+002 3.56945923e+002
    3.05739471e+002 3.44827271e+002 3.39516113e+002 3.34032074e+002
    3.70419739e+002 3.24098816e+002 3.98640594e+002 3.15063751e+002
    4.24953949e+002 3.06771881e+002 4.49281189e+002 2.99322052e+002
    1.82978973e+002 2.03210831e+002 2.30256393e+002 1.92805374e+002
    2.76352722e+002 1.82639313e+002 3.21617676e+002 1.72520721e+002
    3.65716370e+002 1.62454193e+002 4.09127350e+002 1.52207504e+002
    4.52061249e+002 1.41863358e+002 4.94696442e+002 1.32273468e+002
    5.36468567e+002 1.22742355e+002 1.96364624e+002 2.43561096e+002
    2.41482468e+002 2.33105133e+002 2.85447662e+002 2.22743744e+002
    3.28669769e+002 2.12494232e+002 3.70804871e+002 2.02430862e+002
    4.12392487e+002 1.92372833e+002 4.53539215e+002 1.82329819e+002
    4.94456055e+002 1.72735565e+002 5.34536926e+002 1.63263794e+002
    2.08526001e+002 2.80086334e+002 2.51635849e+002 2.69512695e+002
    2.93748383e+002 2.59271454e+002 3.35109406e+002 2.49083054e+002
    3.75618958e+002 2.39211639e+002 4.15426392e+002 2.29414810e+002
    4.54949188e+002 2.19363312e+002 4.94092926e+002 2.09982178e+002
    5.32610535e+002 2.00494965e+002 2.19647949e+002 3.13617340e+002
    2.61015106e+002 3.03119171e+002 3.01358490e+002 2.92968842e+002
    3.41070648e+002 2.82832062e+002 3.79823547e+002 2.73048309e+002
    4.18175323e+002 2.63273621e+002 4.56340790e+002 2.53669724e+002
    4.93726715e+002 2.44223465e+002 5.30781860e+002 2.35016251e+002
    2.29908875e+002 3.44648865e+002 2.69510132e+002 3.34143646e+002
    3.08296143e+002 3.23857697e+002 3.46506104e+002 3.14112000e+002
    3.83849274e+002 3.04229858e+002 4.20796722e+002 2.94789185e+002
    4.57415619e+002 2.85216278e+002 4.93531738e+002 2.75955109e+002
    5.29382324e+002 2.66853485e+002 2.39311096e+002 3.73325653e+002
    2.77375488e+002 3.62810913e+002 3.14592834e+002 3.52771759e+002
    3.51495209e+002 3.42801300e+002 3.87500610e+002 3.33207855e+002
    4.23022888e+002 3.23679657e+002 4.58407562e+002 3.14405823e+002
    4.93393219e+002 3.05430878e+002 5.27697205e+002 2.96502380e+002</data></Image_points>
</opencv_storage>
